157 221
2 32 32
1 32
2 1 31 63 220 XOR
2 1 31 63 65 AND
2 1 30 65 66 XOR
2 1 62 66 219 XOR
2 1 62 65 68 XOR
2 1 66 68 69 AND
2 1 65 69 70 XOR
2 1 29 70 71 XOR
2 1 61 71 218 XOR
2 1 61 70 73 XOR
2 1 71 73 74 AND
2 1 70 74 75 XOR
2 1 28 75 76 XOR
2 1 60 76 217 XOR
2 1 60 75 78 XOR
2 1 76 78 79 AND
2 1 75 79 80 XOR
2 1 27 80 81 XOR
2 1 59 81 216 XOR
2 1 59 80 83 XOR
2 1 81 83 84 AND
2 1 80 84 85 XOR
2 1 26 85 86 XOR
2 1 58 86 215 XOR
2 1 58 85 88 XOR
2 1 86 88 89 AND
2 1 85 89 90 XOR
2 1 25 90 91 XOR
2 1 57 91 214 XOR
2 1 57 90 93 XOR
2 1 91 93 94 AND
2 1 90 94 95 XOR
2 1 24 95 96 XOR
2 1 56 96 213 XOR
2 1 56 95 98 XOR
2 1 96 98 99 AND
2 1 95 99 100 XOR
2 1 23 100 101 XOR
2 1 55 101 212 XOR
2 1 55 100 103 XOR
2 1 101 103 104 AND
2 1 100 104 105 XOR
2 1 22 105 106 XOR
2 1 54 106 211 XOR
2 1 54 105 108 XOR
2 1 106 108 109 AND
2 1 105 109 110 XOR
2 1 21 110 111 XOR
2 1 53 111 210 XOR
2 1 53 110 113 XOR
2 1 111 113 114 AND
2 1 110 114 115 XOR
2 1 20 115 116 XOR
2 1 52 116 209 XOR
2 1 52 115 118 XOR
2 1 116 118 119 AND
2 1 115 119 120 XOR
2 1 19 120 121 XOR
2 1 51 121 208 XOR
2 1 51 120 123 XOR
2 1 121 123 124 AND
2 1 120 124 125 XOR
2 1 18 125 126 XOR
2 1 50 126 207 XOR
2 1 50 125 128 XOR
2 1 126 128 129 AND
2 1 125 129 130 XOR
2 1 17 130 131 XOR
2 1 49 131 206 XOR
2 1 49 130 133 XOR
2 1 131 133 134 AND
2 1 130 134 135 XOR
2 1 16 135 136 XOR
2 1 48 136 205 XOR
2 1 48 135 138 XOR
2 1 136 138 139 AND
2 1 135 139 140 XOR
2 1 15 140 141 XOR
2 1 47 141 204 XOR
2 1 47 140 143 XOR
2 1 141 143 144 AND
2 1 140 144 145 XOR
2 1 14 145 146 XOR
2 1 46 146 203 XOR
2 1 46 145 148 XOR
2 1 146 148 149 AND
2 1 145 149 150 XOR
2 1 13 150 151 XOR
2 1 45 151 202 XOR
2 1 45 150 153 XOR
2 1 151 153 154 AND
2 1 150 154 155 XOR
2 1 12 155 156 XOR
2 1 44 156 201 XOR
2 1 44 155 158 XOR
2 1 156 158 159 AND
2 1 155 159 160 XOR
2 1 11 160 161 XOR
2 1 43 161 200 XOR
2 1 43 160 163 XOR
2 1 161 163 164 AND
2 1 160 164 165 XOR
2 1 10 165 166 XOR
2 1 42 166 199 XOR
2 1 42 165 168 XOR
2 1 166 168 169 AND
2 1 165 169 170 XOR
2 1 9 170 171 XOR
2 1 41 171 198 XOR
2 1 41 170 173 XOR
2 1 171 173 174 AND
2 1 170 174 175 XOR
2 1 8 175 176 XOR
2 1 40 176 197 XOR
2 1 40 175 178 XOR
2 1 176 178 179 AND
2 1 175 179 180 XOR
2 1 7 180 181 XOR
2 1 39 181 196 XOR
2 1 39 180 183 XOR
2 1 181 183 184 AND
2 1 180 184 185 XOR
2 1 6 185 186 XOR
2 1 38 186 195 XOR
2 1 38 185 188 XOR
2 1 186 188 77 AND
2 1 185 77 102 XOR
2 1 5 102 127 XOR
2 1 37 127 194 XOR
2 1 37 102 177 XOR
2 1 127 177 152 AND
2 1 102 152 187 XOR
2 1 4 187 182 XOR
2 1 36 182 193 XOR
2 1 36 187 172 XOR
2 1 182 172 167 AND
2 1 187 167 162 XOR
2 1 3 162 157 XOR
2 1 35 157 192 XOR
2 1 35 162 147 XOR
2 1 157 147 142 AND
2 1 162 142 137 XOR
2 1 2 137 132 XOR
2 1 34 132 191 XOR
2 1 34 137 122 XOR
2 1 132 122 117 AND
2 1 137 117 112 XOR
2 1 1 112 107 XOR
2 1 33 107 190 XOR
2 1 33 112 97 XOR
2 1 107 97 92 AND
2 1 112 92 87 XOR
2 1 0 87 82 XOR
2 1 32 82 189 XOR
2 1 32 87 72 XOR
2 1 82 72 67 AND
2 1 87 67 64 XOR
