317 445
2 64 64
1 64
2 1 63 127 444 XOR
2 1 63 127 129 AND
2 1 62 129 130 XOR
2 1 126 130 443 XOR
2 1 126 129 132 XOR
2 1 130 132 133 AND
2 1 129 133 134 XOR
2 1 61 134 135 XOR
2 1 125 135 442 XOR
2 1 125 134 137 XOR
2 1 135 137 138 AND
2 1 134 138 139 XOR
2 1 60 139 140 XOR
2 1 124 140 441 XOR
2 1 124 139 142 XOR
2 1 140 142 143 AND
2 1 139 143 144 XOR
2 1 59 144 145 XOR
2 1 123 145 440 XOR
2 1 123 144 147 XOR
2 1 145 147 148 AND
2 1 144 148 149 XOR
2 1 58 149 150 XOR
2 1 122 150 439 XOR
2 1 122 149 152 XOR
2 1 150 152 153 AND
2 1 149 153 154 XOR
2 1 57 154 155 XOR
2 1 121 155 438 XOR
2 1 121 154 157 XOR
2 1 155 157 158 AND
2 1 154 158 159 XOR
2 1 56 159 160 XOR
2 1 120 160 437 XOR
2 1 120 159 162 XOR
2 1 160 162 163 AND
2 1 159 163 164 XOR
2 1 55 164 165 XOR
2 1 119 165 436 XOR
2 1 119 164 167 XOR
2 1 165 167 168 AND
2 1 164 168 169 XOR
2 1 54 169 170 XOR
2 1 118 170 435 XOR
2 1 118 169 172 XOR
2 1 170 172 173 AND
2 1 169 173 174 XOR
2 1 53 174 175 XOR
2 1 117 175 434 XOR
2 1 117 174 177 XOR
2 1 175 177 178 AND
2 1 174 178 179 XOR
2 1 52 179 180 XOR
2 1 116 180 433 XOR
2 1 116 179 182 XOR
2 1 180 182 183 AND
2 1 179 183 184 XOR
2 1 51 184 185 XOR
2 1 115 185 432 XOR
2 1 115 184 187 XOR
2 1 185 187 188 AND
2 1 184 188 189 XOR
2 1 50 189 190 XOR
2 1 114 190 431 XOR
2 1 114 189 192 XOR
2 1 190 192 193 AND
2 1 189 193 194 XOR
2 1 49 194 195 XOR
2 1 113 195 430 XOR
2 1 113 194 197 XOR
2 1 195 197 198 AND
2 1 194 198 199 XOR
2 1 48 199 200 XOR
2 1 112 200 429 XOR
2 1 112 199 202 XOR
2 1 200 202 203 AND
2 1 199 203 204 XOR
2 1 47 204 205 XOR
2 1 111 205 428 XOR
2 1 111 204 207 XOR
2 1 205 207 208 AND
2 1 204 208 209 XOR
2 1 46 209 210 XOR
2 1 110 210 427 XOR
2 1 110 209 212 XOR
2 1 210 212 213 AND
2 1 209 213 214 XOR
2 1 45 214 215 XOR
2 1 109 215 426 XOR
2 1 109 214 217 XOR
2 1 215 217 218 AND
2 1 214 218 219 XOR
2 1 44 219 220 XOR
2 1 108 220 425 XOR
2 1 108 219 222 XOR
2 1 220 222 223 AND
2 1 219 223 224 XOR
2 1 43 224 225 XOR
2 1 107 225 424 XOR
2 1 107 224 227 XOR
2 1 225 227 228 AND
2 1 224 228 229 XOR
2 1 42 229 230 XOR
2 1 106 230 423 XOR
2 1 106 229 232 XOR
2 1 230 232 233 AND
2 1 229 233 234 XOR
2 1 41 234 235 XOR
2 1 105 235 422 XOR
2 1 105 234 237 XOR
2 1 235 237 238 AND
2 1 234 238 239 XOR
2 1 40 239 240 XOR
2 1 104 240 421 XOR
2 1 104 239 242 XOR
2 1 240 242 243 AND
2 1 239 243 244 XOR
2 1 39 244 245 XOR
2 1 103 245 420 XOR
2 1 103 244 247 XOR
2 1 245 247 248 AND
2 1 244 248 249 XOR
2 1 38 249 250 XOR
2 1 102 250 419 XOR
2 1 102 249 252 XOR
2 1 250 252 253 AND
2 1 249 253 254 XOR
2 1 37 254 255 XOR
2 1 101 255 418 XOR
2 1 101 254 257 XOR
2 1 255 257 258 AND
2 1 254 258 259 XOR
2 1 36 259 260 XOR
2 1 100 260 417 XOR
2 1 100 259 262 XOR
2 1 260 262 263 AND
2 1 259 263 264 XOR
2 1 35 264 265 XOR
2 1 99 265 416 XOR
2 1 99 264 267 XOR
2 1 265 267 268 AND
2 1 264 268 269 XOR
2 1 34 269 270 XOR
2 1 98 270 415 XOR
2 1 98 269 272 XOR
2 1 270 272 273 AND
2 1 269 273 274 XOR
2 1 33 274 275 XOR
2 1 97 275 414 XOR
2 1 97 274 277 XOR
2 1 275 277 278 AND
2 1 274 278 279 XOR
2 1 32 279 280 XOR
2 1 96 280 413 XOR
2 1 96 279 282 XOR
2 1 280 282 283 AND
2 1 279 283 284 XOR
2 1 31 284 285 XOR
2 1 95 285 412 XOR
2 1 95 284 287 XOR
2 1 285 287 288 AND
2 1 284 288 289 XOR
2 1 30 289 290 XOR
2 1 94 290 411 XOR
2 1 94 289 292 XOR
2 1 290 292 293 AND
2 1 289 293 294 XOR
2 1 29 294 295 XOR
2 1 93 295 410 XOR
2 1 93 294 297 XOR
2 1 295 297 298 AND
2 1 294 298 299 XOR
2 1 28 299 300 XOR
2 1 92 300 409 XOR
2 1 92 299 302 XOR
2 1 300 302 303 AND
2 1 299 303 304 XOR
2 1 27 304 305 XOR
2 1 91 305 408 XOR
2 1 91 304 307 XOR
2 1 305 307 308 AND
2 1 304 308 309 XOR
2 1 26 309 310 XOR
2 1 90 310 407 XOR
2 1 90 309 312 XOR
2 1 310 312 313 AND
2 1 309 313 314 XOR
2 1 25 314 315 XOR
2 1 89 315 406 XOR
2 1 89 314 317 XOR
2 1 315 317 318 AND
2 1 314 318 319 XOR
2 1 24 319 320 XOR
2 1 88 320 405 XOR
2 1 88 319 322 XOR
2 1 320 322 323 AND
2 1 319 323 324 XOR
2 1 23 324 325 XOR
2 1 87 325 404 XOR
2 1 87 324 327 XOR
2 1 325 327 328 AND
2 1 324 328 329 XOR
2 1 22 329 330 XOR
2 1 86 330 403 XOR
2 1 86 329 332 XOR
2 1 330 332 333 AND
2 1 329 333 334 XOR
2 1 21 334 335 XOR
2 1 85 335 402 XOR
2 1 85 334 337 XOR
2 1 335 337 338 AND
2 1 334 338 339 XOR
2 1 20 339 340 XOR
2 1 84 340 401 XOR
2 1 84 339 342 XOR
2 1 340 342 343 AND
2 1 339 343 344 XOR
2 1 19 344 345 XOR
2 1 83 345 400 XOR
2 1 83 344 347 XOR
2 1 345 347 348 AND
2 1 344 348 349 XOR
2 1 18 349 350 XOR
2 1 82 350 399 XOR
2 1 82 349 352 XOR
2 1 350 352 353 AND
2 1 349 353 354 XOR
2 1 17 354 355 XOR
2 1 81 355 398 XOR
2 1 81 354 357 XOR
2 1 355 357 358 AND
2 1 354 358 359 XOR
2 1 16 359 360 XOR
2 1 80 360 397 XOR
2 1 80 359 362 XOR
2 1 360 362 363 AND
2 1 359 363 364 XOR
2 1 15 364 365 XOR
2 1 79 365 396 XOR
2 1 79 364 367 XOR
2 1 365 367 368 AND
2 1 364 368 369 XOR
2 1 14 369 370 XOR
2 1 78 370 395 XOR
2 1 78 369 372 XOR
2 1 370 372 373 AND
2 1 369 373 374 XOR
2 1 13 374 375 XOR
2 1 77 375 394 XOR
2 1 77 374 377 XOR
2 1 375 377 378 AND
2 1 374 378 379 XOR
2 1 12 379 380 XOR
2 1 76 380 393 XOR
2 1 76 379 166 XOR
2 1 380 166 191 AND
2 1 379 191 216 XOR
2 1 11 216 241 XOR
2 1 75 241 392 XOR
2 1 75 216 291 XOR
2 1 241 291 316 AND
2 1 216 316 341 XOR
2 1 10 341 366 XOR
2 1 74 366 391 XOR
2 1 74 341 266 XOR
2 1 366 266 141 AND
2 1 341 141 376 XOR
2 1 9 376 371 XOR
2 1 73 371 390 XOR
2 1 73 376 361 XOR
2 1 371 361 356 AND
2 1 376 356 351 XOR
2 1 8 351 346 XOR
2 1 72 346 389 XOR
2 1 72 351 336 XOR
2 1 346 336 331 AND
2 1 351 331 326 XOR
2 1 7 326 321 XOR
2 1 71 321 388 XOR
2 1 71 326 311 XOR
2 1 321 311 306 AND
2 1 326 306 301 XOR
2 1 6 301 296 XOR
2 1 70 296 387 XOR
2 1 70 301 286 XOR
2 1 296 286 281 AND
2 1 301 281 276 XOR
2 1 5 276 271 XOR
2 1 69 271 386 XOR
2 1 69 276 261 XOR
2 1 271 261 256 AND
2 1 276 256 251 XOR
2 1 4 251 246 XOR
2 1 68 246 385 XOR
2 1 68 251 236 XOR
2 1 246 236 231 AND
2 1 251 231 226 XOR
2 1 3 226 221 XOR
2 1 67 221 384 XOR
2 1 67 226 211 XOR
2 1 221 211 206 AND
2 1 226 206 201 XOR
2 1 2 201 196 XOR
2 1 66 196 383 XOR
2 1 66 201 186 XOR
2 1 196 186 181 AND
2 1 201 181 176 XOR
2 1 1 176 171 XOR
2 1 65 171 382 XOR
2 1 65 176 161 XOR
2 1 171 161 156 AND
2 1 176 156 151 XOR
2 1 0 151 146 XOR
2 1 64 146 381 XOR
2 1 64 151 136 XOR
2 1 146 136 131 AND
2 1 151 131 128 XOR
